1763639672313 0.00026000000000000003 0
1763639756147 0.000529308 1
1763639841614 0.000787528 2
1763639930216 0.00103466 3
1763640023719 0.001270704 4
1763640095895 0.00149566 5
1763640170317 0.0017095279999999999 6
1763640244935 0.0017228 7
1763640320379 0.0016832000000000001 8
1763640395898 0.0016436000000000003 9
1763640489122 0.0016040000000000002 10
1763640569505 0.0015644 11
1763640650868 0.0015248 12
1763640731229 0.0014852 13
1763640813527 0.0014456 14
1763640889417 0.001406 15
1763640965233 0.0013663999999999998 16
1763641042014 0.0013267999999999997 17
1763641117518 0.0012872 18
1763641195349 0.0012476 19
1763641272694 0.001208 20
1763641350568 0.0011684000000000002 21
1763641427396 0.0011288000000000001 22
1763641504858 0.0010892000000000002 23
1763641580387 0.0010496000000000001 24
1763641655831 0.00101 25
1763641731576 0.0009704 26
1763641809524 0.0009308 27
1763641884943 0.0008911999999999999 28
1763641961268 0.0008516000000000001 29
1763642040207 0.0008120000000000001 30
1763642118570 0.0007724 31
1763642197779 0.0007328 32
1763642276237 0.0006931999999999999 33
1763642353366 0.0006536 34
1763642431214 0.0006140000000000001 35
1763642509100 0.0005744000000000001 36
1763642588273 0.0005348000000000001 37
1763642664147 0.0004952 38
1763642740371 0.00045559999999999996 39
1763642818502 0.0004159999999999999 40
1763642903106 0.00037640000000000015 41
1763642986077 0.0003368000000000001 42
1763643064853 0.0002972 43
1763643145216 0.00025760000000000003 44
1763643223133 0.00021799999999999996 45
1763643298094 0.00017839999999999992 46
1763643376611 0.0001388000000000001 47
1763643478076 9.920000000000008e-05 48
1763643554418 5.9600000000000046e-05 49
