1763639672313 1.89679 0
1763639756147 1.49696 1
1763639841614 1.50991 2
1763639930216 1.92885 3
1763640023719 1.80252 4
1763640095895 1.84481 5
1763640170317 2.23534 6
1763640244935 2.0819 7
1763640320379 2.24317 8
1763640395898 2.08469 9
1763640489122 2.01621 10
1763640569505 1.79711 11
1763640650868 2.05029 12
1763640731229 2.00863 13
1763640813527 2.03804 14
1763640889417 1.99977 15
1763640965233 2.01704 16
1763641042014 2.01076 17
1763641117518 1.82421 18
1763641195349 1.76537 19
1763641272694 1.86678 20
1763641350568 1.86085 21
1763641427396 1.61298 22
1763641504858 1.71007 23
1763641580387 1.58978 24
1763641655831 1.56806 25
1763641731576 1.58368 26
1763641809524 1.72615 27
1763641884943 1.51428 28
1763641961268 1.61588 29
1763642040207 1.6413 30
1763642118570 1.43303 31
1763642197779 1.47921 32
1763642276237 1.42185 33
1763642353366 1.35324 34
1763642431214 1.41757 35
1763642509100 1.3494 36
1763642588273 1.5475 37
1763642664147 1.53829 38
1763642740371 1.32988 39
1763642818502 1.17321 40
1763642903106 1.31038 41
1763642986077 1.2787 42
1763643064853 1.31684 43
1763643145216 1.18446 44
1763643223133 1.22881 45
1763643298094 1.39432 46
1763643376611 1.08448 47
1763643478076 1.06299 48
1763643554418 1.14884 49
