1763639672313 8.39143 0
1763639756147 5.11485 1
1763639841614 5.40128 2
1763639930216 5.38821 3
1763640023719 5.69715 4
1763640095895 5.17733 5
1763640170317 5.30272 6
1763640244935 4.59829 7
1763640320379 4.62872 8
1763640395898 5.85028 9
1763640489122 4.06709 10
1763640569505 3.59503 11
1763640650868 3.88885 12
1763640731229 5.85633 13
1763640813527 3.90836 14
1763640889417 2.98069 15
1763640965233 3.01657 16
1763641042014 2.86422 17
1763641117518 2.58222 18
1763641195349 2.61452 19
1763641272694 2.63005 20
1763641350568 2.6547 21
1763641427396 2.27289 22
1763641504858 2.19256 23
1763641580387 2.02421 24
1763641655831 1.99333 25
1763641731576 2.54879 26
1763641809524 2.38958 27
1763641884943 1.94713 28
1763641961268 2.13119 29
1763642040207 1.93806 30
1763642118570 1.67215 31
1763642197779 1.73247 32
1763642276237 1.65874 33
1763642353366 1.54605 34
1763642431214 1.62493 35
1763642509100 1.52488 36
1763642588273 1.68268 37
1763642664147 1.46752 38
1763642740371 1.59811 39
1763642818502 1.48171 40
1763642903106 1.60839 41
1763642986077 1.54981 42
1763643064853 1.57241 43
1763643145216 1.37571 44
1763643223133 1.47849 45
1763643298094 1.6106 46
1763643376611 1.61179 47
1763643478076 1.62104 48
1763643554418 1.43578 49
