1763639672313 1.92208 0
1763639756147 1.71216 1
1763639841614 1.81483 2
1763639930216 1.97326 3
1763640023719 1.83449 4
1763640095895 2.08419 5
1763640170317 2.19388 6
1763640244935 2.17831 7
1763640320379 2.32422 8
1763640395898 2.06523 9
1763640489122 1.99985 10
1763640569505 1.96873 11
1763640650868 2.14225 12
1763640731229 2.03576 13
1763640813527 2.14645 14
1763640889417 2.02894 15
1763640965233 1.96649 16
1763641042014 2.03641 17
1763641117518 1.82548 18
1763641195349 1.79817 19
1763641272694 1.80693 20
1763641350568 1.83432 21
1763641427396 1.70984 22
1763641504858 1.72607 23
1763641580387 1.65413 24
1763641655831 1.70424 25
1763641731576 1.69915 26
1763641809524 1.75655 27
1763641884943 1.54195 28
1763641961268 1.70479 29
1763642040207 1.68043 30
1763642118570 1.58726 31
1763642197779 1.60842 32
1763642276237 1.51017 33
1763642353366 1.45932 34
1763642431214 1.5102 35
1763642509100 1.43768 36
1763642588273 1.6367 37
1763642664147 1.58068 38
1763642740371 1.48004 39
1763642818502 1.38674 40
1763642903106 1.51014 41
1763642986077 1.57108 42
1763643064853 1.58475 43
1763643145216 1.52678 44
1763643223133 1.59132 45
1763643298094 1.52898 46
1763643376611 1.302 47
1763643478076 1.3053 48
1763643554418 1.3819 49
