1763639681137 0.01791 0
1763639766769 0.20761 1
1763639850405 0.29642 2
1763639940185 0.03147 3
1763640031484 0.01669 4
1763640104567 0.00108 5
1763640178904 0.0356 6
1763640253633 0.00283 7
1763640328997 0.04969 8
1763640404358 0.00957 9
1763640498336 0.12326 10
1763640578397 0.00972 11
1763640659681 0.00246 12
1763640740125 0.02165 13
1763640822712 0.16272 14
1763640898173 0.28172 15
1763640974074 0.04464 16
1763641050469 0.10418 17
1763641125965 0.12099 18
1763641203918 0.25361 19
1763641281317 0.28868 20
1763641359232 0.35621 21
1763641435914 0.23697 22
1763641513428 0.1436 23
1763641588819 0.36905 24
1763641664200 0.47592 25
1763641740042 0.57132 26
1763641818203 0.32631 27
1763641893516 0.50262 28
1763641969594 0.56191 29
1763642049054 0.58835 30
1763642127047 0.58058 31
1763642206316 0.4969 32
1763642284735 0.61119 33
1763642361789 0.6238 34
1763642439573 0.7208 35
1763642517722 0.74258 36
1763642596991 0.78879 37
1763642672788 0.78445 38
1763642748617 0.71523 39
1763642827784 0.6444 40
1763642913241 0.79165 41
1763642994750 0.69999 42
1763643073524 0.59569 43
1763643154082 0.66665 44
1763643231623 0.70406 45
1763643307055 0.73533 46
1763643385643 0.68857 47
1763643486674 0.696 48
1763643562813 0.69527 49
1763643572427 0.7888478484143454 49
