1763639681137 0.0077 0
1763639766769 0.06117 1
1763639850405 0.07593 2
1763639940185 0.00762 3
1763640031484 0.0057 4
1763640104567 0.00018 5
1763640178904 0.00713 6
1763640253633 0.00048 7
1763640328997 0.00825 8
1763640404358 0.00301 9
1763640498336 0.03849 10
1763640578397 0.00293 11
1763640659681 0.00061 12
1763640740125 0.0066 13
1763640822712 0.04764 14
1763640898173 0.08318 15
1763640974074 0.01723 16
1763641050469 0.02607 17
1763641125965 0.04423 18
1763641203918 0.06091 19
1763641281317 0.07092 20
1763641359232 0.07101 21
1763641435914 0.04818 22
1763641513428 0.05026 23
1763641588819 0.11293 24
1763641664200 0.21099 25
1763641740042 0.24551 26
1763641818203 0.15269 27
1763641893516 0.19449 28
1763641969594 0.20833 29
1763642049054 0.24799 30
1763642127047 0.26377 31
1763642206316 0.24475 32
1763642284735 0.25588 33
1763642361789 0.32413 34
1763642439573 0.41729 35
1763642517722 0.39518 36
1763642596991 0.44504 37
1763642672788 0.37244 38
1763642748617 0.35163 39
1763642827784 0.26097 40
1763642913241 0.34941 41
1763642994750 0.3451 42
1763643073524 0.34075 43
1763643154082 0.32469 44
1763643231623 0.35198 45
1763643307055 0.37961 46
1763643385643 0.39819 47
1763643486674 0.39702 48
1763643562813 0.42094 49
1763643572427 0.44400645376045195 49
