1763639681137 0.00067 0
1763639766769 0.00067 1
1763639850405 0.00073 2
1763639940185 0.05079 3
1763640031484 0.03683 4
1763640104567 0.00144 5
1763640178904 0.04666 6
1763640253633 0.00341 7
1763640328997 0.10222 8
1763640404358 0.03478 9
1763640498336 0.1597 10
1763640578397 0.00891 11
1763640659681 0.0033 12
1763640740125 0.08321 13
1763640822712 0.41087 14
1763640898173 0.55846 15
1763640974074 0.0777 16
1763641050469 0.12348 17
1763641125965 0.42859 18
1763641203918 0.33955 19
1763641281317 0.28124 20
1763641359232 0.49295 21
1763641435914 0.27061 22
1763641513428 0.23414 23
1763641588819 0.56341 24
1763641664200 0.68673 25
1763641740042 0.58229 26
1763641818203 0.36105 27
1763641893516 0.49972 28
1763641969594 0.70238 29
1763642049054 0.82713 30
1763642127047 0.49545 31
1763642206316 0.55177 32
1763642284735 0.82913 33
1763642361789 0.55264 34
1763642439573 1.0 35
1763642517722 0.83229 36
1763642596991 0.91754 37
1763642672788 0.86184 38
1763642748617 0.81101 39
1763642827784 0.58436 40
1763642913241 0.82247 41
1763642994750 0.76326 42
1763643073524 0.87424 43
1763643154082 0.66496 44
1763643231623 0.96725 45
1763643307055 0.742 46
1763643385643 0.59277 47
1763643486674 0.62229 48
1763643562813 0.63144 49
1763643572427 0.9174165381643965 49
