1763639681137 0.84615 0
1763639766769 0.84615 1
1763639850405 0.92308 2
1763639940185 0.23077 3
1763640031484 0.23077 4
1763640104567 0.07692 5
1763640178904 0.07692 6
1763640253633 0.30769 7
1763640328997 0.15385 8
1763640404358 0.07692 9
1763640498336 0.53846 10
1763640578397 0.23077 11
1763640659681 0.38462 12
1763640740125 0.15385 13
1763640822712 0.15385 14
1763640898173 0.23077 15
1763640974074 0.38462 16
1763641050469 0.38462 17
1763641125965 0.15385 18
1763641203918 0.53846 19
1763641281317 0.46154 20
1763641359232 0.46154 21
1763641435914 0.30769 22
1763641513428 0.30769 23
1763641588819 0.53846 24
1763641664200 0.50785 25
1763641740042 0.53846 26
1763641818203 0.46154 27
1763641893516 0.69231 28
1763641969594 0.46154 29
1763642049054 0.46154 30
1763642127047 0.69231 31
1763642206316 0.61538 32
1763642284735 0.53846 33
1763642361789 0.69231 34
1763642439573 0.6082 35
1763642517722 0.61538 36
1763642596991 0.61538 37
1763642672788 0.69231 38
1763642748617 0.66198 39
1763642827784 0.76923 40
1763642913241 0.76923 41
1763642994750 0.74533 42
1763643073524 0.53517 43
1763643154082 0.69231 44
1763643231623 0.53846 45
1763643307055 0.66522 46
1763643385643 0.69231 47
1763643486674 0.69231 48
1763643562813 0.69231 49
1763643572427 0.6153846153846154 49
